8622271011
7793061011
7792937011
7793060011
7792930011
7792926011
7792686011
7792567011
7792528011
7792276011
7792275011
7792269011
7792268011
7792267011
7730193011
7730189011
7730099011
7730098011
7730092011
7730091011
7730090011
7730088011
7730089011
7730087011
7655599011
7655122011
7655121011
7655120011
7475606011
7321698011
7309635011
7083986011
705364011
702372011
702371011
702370011
702367011
702366011
6990032011
6973724011
6973723011
6973720011
6973718011
6973716011
6973715011
6973714011
6973713011
6973712011
6973710011
6973709011
6973708011
6973707011
6973705011
6973704011
6973703011
6973702011
6973701011
6973700011
6973699011
6973698011
6973697011
6973693011
6973685011
6973683011
6973681011
6973680011
6973679011
6973678011
6973675011
6973673011
6973672011
6973670011
6973669011
6973667011
6966321011
6966319011
6966318011
6966317011
6944339011
6944336011
6943351011
6943347011
6943346011
6943344011
6943343011
6943308011
6943306011
6943305011
6943304011
6942465011
6942464011
6940111011
6940025011
6939977011
6939954011
6939952011
6939951011
6939950011
6939949011
6939947011
6939946011
6939378011
6939283011
6939281011
6939276011
6939275011
6939274011
6939273011
6939271011
6939227011
6939225011
6939082011
6939081011
6939048011
6939045011
6939044011
6939043011
6939042011
6939041011
6939031011
6939008011
6939007011
6938987011
6936849011
6936817011
6936786011
6936725011
6936686011
677974011
676319011
4078761
4078751
389578011
389576011
389575011
386373011
382803011
3779741
3779711
3779611
3779601
3779591
3779581
3779531
3779511
3779501
3779281
3779271
3779251
3779231
3779191
3779081
3778451
3778441
3778371
3778161
3778131
3778111
3778091
3777911
3777781
3777681
3777411
3777381
3777811
3777301
3777281
3777251
3777241
3776771
3776741
3775821
3775691
3775341
3775151
3774981
3774931
3774861
3774801
3774791
3774781
3774771
3774761
3774751
3774741
3774731
3774721
3774701
3774691
3774681
3774671
3774661
3774621
3774601
3774591
3774561
3774551
3774531
3774521
3774511
3774501
3774481
3774471
3774461
3774451
3774441
3774411
3774401
3774351
3774331
3774321
3774301
3774271
3774151
3774101
3774071
3773921
3773901
3773841
3773831
3773791
3773751
3773701
3773681
3773671
3773661
3773651
3773561
3773531
3773501
3773461
3773441
3773431
3773411
3773391
3773341
3773301
3767781
3767761
3767511
3767491
3767221
3767191
3767181
3767171
3767061
3767051
3766921
3766821
3766561
3766541
3766501
3766471
3766351
3766301
3766261
3766181
3766101
3765951
3765901
3765851
3765801
3765651
3765611
3765551
3765511
3765481
3765381
3765271
3765151
3764621
3764561
3764491
3764481
3764461
3764421
3764411
3764131
3764121
3764041
3764031
3764001
3763781
3763691
3763571
3763121
3763081
3763051
3762971
3762951
3762911
3762791
3762671
3762651
3762621
3762601
3762481
3762561
3762431
3762351
3762261
3762251
3762181
3762131
3762091
3762051
3762041
3762021
3761301
3761291
3761281
3761171
3761141
3761131
3761121
3761101
3760991
3760951
3742091
322266011
322265011
322264011
322263011
2687787011
256243011
2265897011
2247615011
2247610011
2245512011
17911767011
17911766011
17911765011
17911764011
17891916011
17891915011
17891912011
17891909011
17891908011
17891906011
17891904011
17891903011
17891902011
17891899011
17891897011
17572415011
17419395011
17382009011
172746
172614
172606
166740011
166286011
16479981011
16284874011
16284873011
16284870011
16284868011
16262043011
16262042011
16262041011
16261985011
16236250011
16014841
15718831
15718821
15718511
15718351