10048706011
10048713011
10208054011
10208056011
10208164011
10677099011
1090768
10967521
10980711
11036281
11036291
11042061
11042391
11042521
11056111
11072581
11139606011
11292650011
11292667011
11548951011
1194444
1194486
12119414011
1240801011
1293685011
13269691
13280071
13280201
13280251
13280471
13280951
13280971
13281151
13287971
13364363011
13364370011
13364373011
13364392011
13816141
13880161
13983771
14241441
14329971
14332931
15399311
14333021
15735311
15743181
15782091
15874201
17441247011
2204501011
2204498011
2204505011
226182
2267281011
2309018011
2311724011
2344448011
2348631011
2368191011
2371062011
2371063011
2371142011
2404177011
2419356011
2419356011
2419368011
2419384011
2419406011
2420026011
2492943011
2515119011
281407
297859
299940011
299945011
3012923011
3015418011
3015421011
3015438011
3095279011
3109896011
3109905011
3168061
3143613011
3147687011
319574011
3222113011
3222122011
3222127011
3222130011
3224450011
3224457011
3225960011
3225963011
3225971011
3269899011
3258934011
3269899011
3269901011
3269915011
3304074011
3304289011
3307784011
3307797011
3394971
3395001
3395011
3395071
3395091
3395111
3395451
3395491
3395971
3397051
3397221
3397241
3397331
3397401
3397491
3397571
3397741
3397811
3397861
3397971
3398211
3398541
3398691
3398751
3399011
3399361
3399841
3400051
3400121
3400271
3400551
3400601
3400841
3401021
3401041
3401081
3401361
3401371
3401501
3401561
3401611
3401681
3401791
3401811
3402141
3401941
3402151
3402511
3402551
3402561
3402661
3402821
3402851
3403081
3403131
3403381
3403461
3404731
3404751
3404891
3404931
3404991
3405541
3407821
3407831
3407931
3407951
3407971
3407991
3408051
3408281
3408391
3408411
3408421
3408561
3409221
3409906011
3409981
3410561
3410871
3410901
3410911
3411091
3411181
3411361
3411381
3412531
3412581
3412761
3413151
3413341
3413441
3413541
3413571
3413611
3413671
3413711
3413751
3414981
3415001
3415211
3415261
3415331
3416331
3416621
3416641
3418411
3419451
3419561
3419581
3419751
3420131
3421561
3422301
3473201
3473421
3488821
374749011
374832011
374893011
374940011
375521011
384940011
402048011
405585011
405592011
4200841
5006374011
509344
5160160011
516872
551460
5680491011
5728045011
5769014011
5813562011
598586
617647011
6388965011
672097011
6795233011
706815011
7261122011
764458